[0] 0 0
[1] 0 0
[2] 0 0
[3] 0 0
[4] 0 0
[5] 0 0
[6] 0 0
[7] 0 0
[8] 0 0
[9] 0 0
[10] 0 0
[11] 0 0
[12] 0 0
[13] 0 0
[14] 0 0
[15] 0 0
[16] 21.3555 19.3555
[17] -0.10333 -2.10333
[18] 0.950873 -1.04913
[19] 1.90635 -0.0936528
[20] -0.496605 -10.1086
[21] -0.496606 0.54792
[22] -0.496606 0.0243971
[23] -0.496606 -0.450097
[24] 3.85004 -4.24787
[25] -0.418378 0.0205538
[26] -0.208684 -0.18914
[27] -0.0186285 -0.379196
[28] 6.75438 -0.331821
[29] -0.366108 -0.331821
[30] -0.0163014 -0.331821
[31] 0.300745 -0.331821
[32] 0 0
[33] 0 0
[34] 0 0
[35] 0 0
[36] 0 0
[37] 0 0
[38] 0 0
[39] 0 0
[40] 0 0
[41] 0 0
[42] 0 0
[43] 0 0
[44] 0 0
[45] 0 0
[46] 0 0
[47] 0 0
[48] 21.3555 -19.3555
[49] 1.90635 0.0936528
[50] 0.950873 1.04913
[51] -0.10333 2.10333
[52] 6.75438 0.331821
[53] 0.300745 0.331821
[54] -0.0163014 0.331821
[55] -0.366108 0.331821
[56] 3.85004 4.24787
[57] -0.0186285 0.379196
[58] -0.208684 0.18914
[59] -0.418378 -0.0205538
[60] -0.496605 10.1086
[61] -0.496606 0.450097
[62] -0.496606 -0.0243971
[63] -0.496606 -0.54792
avg fourn  avg time: 6.19888e-06 total time 6.19888e-06
