avg FFTW  avg time: 7.86781e-06 total time 7.86781e-06
[0] -1.77636e-15 0
[1] -2.22045e-16 1.77636e-15
[2] -1.66533e-16 0
[3] -2.22045e-16 -1.77636e-15
[4] 8.88178e-16 0
[5] -3.05311e-16 -1.16573e-15
[6] 2.77556e-17 -1.27676e-15
[7] 2.498e-16 -3.88578e-16
[8] -8.88178e-16 0
[9] -7.77156e-16 2.22045e-16
[10] 2.83107e-15 0
[11] -7.77156e-16 -2.22045e-16
[12] 8.88178e-16 0
[13] 2.498e-16 3.88578e-16
[14] 2.77556e-17 1.27676e-15
[15] -3.05311e-16 1.16573e-15
[16] 21.3555 19.3555
[17] -0.10333 -2.10333
[18] 0.950873 -1.04913
[19] 1.90635 -0.0936528
[20] -0.496606 -10.1086
[21] -0.496606 0.54792
[22] -0.496606 0.0243967
[23] -0.496606 -0.450097
[24] 3.85004 -4.24787
[25] -0.418378 0.0205536
[26] -0.208684 -0.18914
[27] -0.0186287 -0.379196
[28] 6.75438 -0.331821
[29] -0.366108 -0.331821
[30] -0.0163013 -0.331821
[31] 0.300745 -0.331821
[32] -1.77636e-15 0
[33] -2.22045e-16 -6.66134e-16
[34] -1.27676e-15 0
[35] -2.22045e-16 6.66134e-16
[36] 8.88178e-16 8.88178e-16
[37] -2.498e-16 -2.77556e-16
[38] -1.36002e-15 -6.10623e-16
[39] 1.19349e-15 7.21645e-16
[40] 8.88178e-16 0
[41] 3.33067e-16 -3.33067e-16
[42] 1.27676e-15 0
[43] 3.33067e-16 3.33067e-16
[44] 8.88178e-16 -8.88178e-16
[45] 1.19349e-15 -7.21645e-16
[46] -1.36002e-15 6.10623e-16
[47] -2.498e-16 2.77556e-16
[48] 21.3555 -19.3555
[49] 1.90635 0.0936528
[50] 0.950873 1.04913
[51] -0.10333 2.10333
[52] 6.75438 0.331821
[53] 0.300745 0.331821
[54] -0.0163013 0.331821
[55] -0.366108 0.331821
[56] 3.85004 4.24787
[57] -0.0186287 0.379196
[58] -0.208684 0.18914
[59] -0.418378 -0.0205536
[60] -0.496606 10.1086
[61] -0.496606 0.450097
[62] -0.496606 -0.0243967
[63] -0.496606 -0.54792
